100
21126780
21259960
21350520
21146860
21412400
20929460
21286430
21135270
21530830
20942720
21200510
21220070
21598090
21007590
21164970
21504140
21247230
21220020
21146360
21279440
21466850
21178890
21257450
21185590
21305230
21050250
21133780
21526920
21426850
21467530
21004900
21339630
21326750
21137950
21218940
21387930
21152540
21006120
21020910
21374430
21308920
21473120
21100870
21441480
21518660
21237900
21022820
21228910
21265460
20823950
21232240
21599150
21174970
21518590
21750740
21616120
21570150
21401290
21410710
21455790
21177020
21252850
21515070
20888840
21386790
21089460
21008580
21532000
21142280
21428460
20950770
21288160
21468300
21320670
20919070
21547480
21347730
21268880
21519830
21260810
21317860
21136570
21347060
21179090
21232750
21015680
21001390
21361960
21313850
21285410
21530440
20965950
21373450
21369410
21402640
21117460
21300960
20996790
20876040
21012940
